{
  "advancedEditorSelectedIdentifier" : "ProjectBrowser",
  "openSceneRelativePaths" : [
    "Scene.usda",
    "Steam.usda",
    "Lights.usda",
    "Untitled Scene 2.usda"
  ],
  "recentIdentifiers" : {
    "324BBDA8-303D-4982-8F8B-45ED44289D71" : [

    ],
    "D66134B1-3681-4A8E-AFE5-29F257229F3B" : [

    ]
  },
  "sceneCameraHistory" : {
    "324BBDA8-303D-4982-8F8B-45ED44289D71" : [
      {
        "date" : 755700215.552381,
        "title" : "Untitled",
        "transform" : [
          1,
          0,
          0,
          0,
          0,
          0.7071069,
          -0.7071067,
          0,
          0,
          0.7071067,
          0.7071069,
          0,
          -0.052718226,
          0.38403895,
          0.5381216,
          1
        ]
      },
      {
        "date" : 755697580.258991,
        "title" : "Untitled",
        "transform" : [
          1,
          0,
          0,
          0,
          0,
          0.7071069,
          -0.7071067,
          0,
          0,
          0.7071067,
          0.7071069,
          0,
          0.017573316,
          0.47599077,
          0.44616976,
          1
        ]
      },
      {
        "date" : 755697539.614738,
        "title" : "Untitled",
        "transform" : [
          1,
          0,
          0,
          0,
          0,
          0.7071069,
          -0.7071067,
          0,
          0,
          0.7071067,
          0.7071069,
          0,
          5.410781e-07,
          0.46107972,
          0.46108082,
          1
        ]
      }
    ],
    "D66134B1-3681-4A8E-AFE5-29F257229F3B" : [
      {
        "date" : 755700368.218005,
        "title" : "Untitled",
        "transform" : [
          0.8611268,
          -2.2590148e-05,
          -0.5083901,
          0,
          -0.32598454,
          0.7673414,
          -0.5521968,
          0,
          0.3901211,
          0.6412389,
          0.6607709,
          0,
          0.44718486,
          0.09590726,
          0.2363865,
          1
        ]
      },
      {
        "date" : 755700354.178037,
        "title" : "Untitled",
        "transform" : [
          0.8611268,
          -2.2590148e-05,
          -0.5083901,
          0,
          -0.32598454,
          0.7673414,
          -0.5521968,
          0,
          0.3901211,
          0.6412389,
          0.6607709,
          0,
          0.43119383,
          0.11212664,
          0.23008771,
          1
        ]
      },
      {
        "date" : 755700352.678789,
        "title" : "Untitled",
        "transform" : [
          0.8611268,
          -2.2590148e-05,
          -0.5083901,
          0,
          -0.32598454,
          0.7673414,
          -0.5521968,
          0,
          0.3901211,
          0.6412389,
          0.6607709,
          0,
          0.5017957,
          0.1617846,
          0.24809727,
          1
        ]
      },
      {
        "date" : 755700330.383468,
        "title" : "Untitled",
        "transform" : [
          -0.82337,
          -2.2566808e-05,
          -0.567505,
          0,
          0.04416945,
          0.99696404,
          -0.06412333,
          0,
          0.5657836,
          -0.07786344,
          -0.82086915,
          0,
          0.31120044,
          0.008416187,
          0.15284027,
          1
        ]
      },
      {
        "date" : 755700274.899358,
        "title" : "Untitled",
        "transform" : [
          0.20932733,
          -2.2569944e-05,
          -0.97784567,
          0,
          -0.33080888,
          0.9410352,
          -0.07083796,
          0,
          0.9201888,
          0.3383085,
          0.19697697,
          0,
          0.33191842,
          0.02661656,
          0.19527985,
          1
        ]
      },
      {
        "date" : 755700258.109126,
        "title" : "Untitled",
        "transform" : [
          -0.444583,
          -2.2582291e-05,
          -0.8957377,
          0,
          0.28722015,
          0.9471934,
          -0.14258035,
          0,
          0.8484401,
          -0.32066265,
          -0.42109957,
          0,
          0.32883304,
          -0.0035969166,
          0.1682527,
          1
        ]
      },
      {
        "date" : 755699985.478719,
        "title" : "Untitled",
        "transform" : [
          -0.10061929,
          -2.2578544e-05,
          -0.994925,
          0,
          -0.12567787,
          0.9919899,
          0.012687601,
          0,
          0.9869553,
          0.12631674,
          -0.09981614,
          0,
          0.33438247,
          0.016781023,
          0.18312088,
          1
        ]
      },
      {
        "date" : 755697893.14064,
        "title" : "Untitled",
        "transform" : [
          0.8749548,
          -2.2574204e-05,
          -0.48420465,
          0,
          -0.1550331,
          0.9473433,
          -0.28018808,
          0,
          0.45871437,
          0.32021964,
          0.8288791,
          0,
          0.4500506,
          0.17142957,
          0.43857145,
          1
        ]
      },
      {
        "date" : 755697890.165763,
        "title" : "Untitled",
        "transform" : [
          0.8749548,
          -2.2574204e-05,
          -0.48420465,
          0,
          -0.1550331,
          0.9473433,
          -0.28018808,
          0,
          0.45871437,
          0.32021964,
          0.8288791,
          0,
          0.5325253,
          0.25883627,
          0.56574154,
          1
        ]
      },
      {
        "date" : 755697857.889024,
        "title" : "Untitled",
        "transform" : [
          0.8749548,
          -2.2574204e-05,
          -0.48420465,
          0,
          -0.1550331,
          0.9473433,
          -0.28018808,
          0,
          0.45871437,
          0.32021964,
          0.8288791,
          0,
          0.3125841,
          0.025742572,
          0.2266079,
          1
        ]
      }
    ]
  },
  "sceneViewportBackgroundColors" : {

  },
  "selectedSceneRelativePath" : "Scene.usda"
}