{
  "advancedEditorSelectedIdentifier" : "ShaderGraphEditorPluginID",
  "openSceneRelativePaths" : [
    "Scene.usda"
  ],
  "recentIdentifiers" : {
    "D66134B1-3681-4A8E-AFE5-29F257229F3B" : [

    ]
  },
  "sceneCameraHistory" : {
    "1D572CEB-057A-41C3-B575-04C37501A3C0" : [
      {
        "date" : 752506287.509223,
        "title" : "Untitled",
        "transform" : [
          1,
          0,
          0,
          0,
          0,
          0.7071069,
          -0.70710677,
          0,
          0,
          0.70710677,
          0.7071069,
          0,
          -0.19999456,
          6.1437874,
          4.943821,
          1
        ]
      },
      {
        "date" : 752506285.789361,
        "title" : "Untitled",
        "transform" : [
          1,
          0,
          0,
          0,
          0,
          0.7071069,
          -0.70710677,
          0,
          0,
          0.70710677,
          0.7071069,
          0,
          0,
          9.239506,
          9.239507,
          1
        ]
      }
    ],
    "324BBDA8-303D-4982-8F8B-45ED44289D71" : [
      {
        "date" : 752514548.276766,
        "title" : "Untitled",
        "transform" : [
          0.9999703,
          0,
          -0.007705583,
          0,
          -0.0054486827,
          0.7071068,
          -0.7070858,
          0,
          0.005448685,
          0.7071067,
          0.7070859,
          0,
          0.09139739,
          1.6089609,
          2.0417805,
          1
        ]
      },
      {
        "date" : 752514540.495562,
        "title" : "Untitled",
        "transform" : [
          0.9999703,
          0,
          -0.007705583,
          0,
          -0.0054486827,
          0.7071068,
          -0.7070858,
          0,
          0.005448685,
          0.7071067,
          0.7070859,
          0,
          -0.005011812,
          1.560647,
          2.0908387,
          1
        ]
      },
      {
        "date" : 752513216.258205,
        "title" : "Untitled",
        "transform" : [
          0.9999703,
          0,
          -0.007705583,
          0,
          -0.0054486827,
          0.7071068,
          -0.7070858,
          0,
          0.0054486855,
          0.70710677,
          0.70708597,
          0,
          0.105498716,
          1.9954205,
          1.6552011,
          1
        ]
      },
      {
        "date" : 752513101.001815,
        "title" : "Untitled",
        "transform" : [
          0.999799,
          0,
          -0.020048702,
          0,
          -0.014176573,
          0.7071069,
          -0.7069647,
          0,
          0.0141765755,
          0.70710677,
          0.7069648,
          0,
          0.12613621,
          1.9988064,
          1.6565788,
          1
        ]
      },
      {
        "date" : 752513092.468789,
        "title" : "Untitled",
        "transform" : [
          1,
          0,
          0,
          0,
          0,
          0.7071069,
          -0.70710677,
          0,
          0,
          0.70710677,
          0.7071069,
          0,
          0.09289861,
          1.9988064,
          1.6587746,
          1
        ]
      }
    ],
    "D66134B1-3681-4A8E-AFE5-29F257229F3B" : [
      {
        "date" : 753757769.041068,
        "title" : "Untitled",
        "transform" : [
          0.9997175,
          5.1982876e-11,
          -0.023772368,
          0,
          -0.011466236,
          0.8759873,
          -0.48219794,
          0,
          0.020824298,
          0.48233417,
          0.8757397,
          0,
          0.023390053,
          0.15558213,
          0.6473922,
          1
        ]
      },
      {
        "date" : 753757759.689088,
        "title" : "Untitled",
        "transform" : [
          0.9997175,
          5.1982876e-11,
          -0.023772368,
          0,
          -0.011466236,
          0.8759873,
          -0.48219794,
          0,
          0.020824298,
          0.48233417,
          0.8757397,
          0,
          0.035810962,
          0.44327638,
          1.1697382,
          1
        ]
      },
      {
        "date" : 753757706.040522,
        "title" : "Untitled",
        "transform" : [
          0.9927414,
          -1.16511245e-11,
          0.12026756,
          0,
          0.07430881,
          0.78628623,
          -0.6133777,
          0,
          -0.09456473,
          0.6178624,
          0.780579,
          0,
          -0.12231418,
          0.6269886,
          1.0760986,
          1
        ]
      },
      {
        "date" : 753757673.95849,
        "title" : "Untitled",
        "transform" : [
          0.9867203,
          1.1665424e-10,
          0.16242807,
          0,
          0.0769676,
          0.88060206,
          -0.46756384,
          0,
          -0.1430345,
          0.47385648,
          0.868908,
          0,
          -0.1830825,
          0.43121135,
          1.1602846,
          1
        ]
      },
      {
        "date" : 753757621.958929,
        "title" : "Untitled",
        "transform" : [
          0.9867204,
          -2.0364321e-11,
          0.16242807,
          0,
          0.07696761,
          0.8806021,
          -0.46756387,
          0,
          -0.14303459,
          0.47385648,
          0.86890805,
          0,
          -0.18973392,
          0.37057713,
          0.93221796,
          1
        ]
      },
      {
        "date" : 753139165.160668,
        "title" : "Untitled",
        "transform" : [
          0.95853114,
          1.6094094e-10,
          0.28498772,
          0,
          0.14283955,
          0.865324,
          -0.48042825,
          0,
          -0.2466068,
          0.50121295,
          0.82944,
          0,
          -0.30179524,
          0.40017906,
          0.88945657,
          1
        ]
      },
      {
        "date" : 753139144.427284,
        "title" : "Untitled",
        "transform" : [
          0.93290997,
          1.6094094e-10,
          -0.3601097,
          0,
          -0.18049164,
          0.865324,
          -0.46758655,
          0,
          0.31161153,
          0.50121295,
          0.8072694,
          0,
          0.25474194,
          0.1212275,
          0.33131814,
          1
        ]
      },
      {
        "date" : 753139143.001285,
        "title" : "Untitled",
        "transform" : [
          0.93290997,
          1.6094094e-10,
          -0.3601097,
          0,
          -0.18049164,
          0.865324,
          -0.46758655,
          0,
          0.31161153,
          0.50121295,
          0.8072694,
          0,
          0.2517457,
          0.12122744,
          0.3324747,
          1
        ]
      },
      {
        "date" : 753136508.243207,
        "title" : "Untitled",
        "transform" : [
          0.93578625,
          1.6094093e-10,
          -0.35256767,
          0,
          -0.1767115,
          0.865324,
          -0.46902823,
          0,
          0.30508527,
          0.50121295,
          0.80975837,
          0,
          0.41884392,
          0.16182569,
          0.36186814,
          1
        ]
      },
      {
        "date" : 753136505.915563,
        "title" : "Untitled",
        "transform" : [
          0.83901536,
          1.6094093e-10,
          -0.5441076,
          0,
          -0.2727138,
          0.865324,
          -0.42052543,
          0,
          0.47082943,
          0.50121295,
          0.7260202,
          0,
          0.47773945,
          0.1379467,
          0.2537434,
          1
        ]
      }
    ]
  },
  "sceneViewportBackgroundColors" : {

  }
}